"","Mois","Mensualite","Interet","Principal","Solde"
"1",1,1739.88,875,864.88,299135.12
"2",2,1739.88,872.48,867.4,298267.72
"3",3,1739.88,869.95,869.93,297397.79
"4",4,1739.88,867.41,872.47,296525.32
"5",5,1739.88,864.87,875.01,295650.3
"6",6,1739.88,862.31,877.57,294772.74
"7",7,1739.88,859.75,880.13,293892.61
"8",8,1739.88,857.19,882.69,293009.92
"9",9,1739.88,854.61,885.27,292124.65
"10",10,1739.88,852.03,887.85,291236.81
"11",11,1739.88,849.44,890.44,290346.37
"12",12,1739.88,846.84,893.04,289453.33
"13",13,1739.88,844.24,895.64,288557.69
"14",14,1739.88,841.63,898.25,287659.44
"15",15,1739.88,839.01,900.87,286758.57
"16",16,1739.88,836.38,903.5,285855.07
"17",17,1739.88,833.74,906.14,284948.93
"18",18,1739.88,831.1,908.78,284040.15
"19",19,1739.88,828.45,911.43,283128.72
"20",20,1739.88,825.79,914.09,282214.64
"21",21,1739.88,823.13,916.75,281297.88
"22",22,1739.88,820.45,919.43,280378.46
"23",23,1739.88,817.77,922.11,279456.35
"24",24,1739.88,815.08,924.8,278531.55
"25",25,1739.88,812.38,927.5,277604.05
"26",26,1739.88,809.68,930.2,276673.85
"27",27,1739.88,806.97,932.91,275740.94
"28",28,1739.88,804.24,935.63,274805.31
"29",29,1739.88,801.52,938.36,273866.94
"30",30,1739.88,798.78,941.1,272925.84
"31",31,1739.88,796.03,943.85,271982
"32",32,1739.88,793.28,946.6,271035.4
"33",33,1739.88,790.52,949.36,270086.04
"34",34,1739.88,787.75,952.13,269133.91
"35",35,1739.88,784.97,954.91,268179
"36",36,1739.88,782.19,957.69,267221.31
"37",37,1739.88,779.4,960.48,266260.83
"38",38,1739.88,776.59,963.29,265297.55
"39",39,1739.88,773.78,966.09,264331.45
"40",40,1739.88,770.97,968.91,263362.54
"41",41,1739.88,768.14,971.74,262390.8
"42",42,1739.88,765.31,974.57,261416.23
"43",43,1739.88,762.46,977.42,260438.81
"44",44,1739.88,759.61,980.27,259458.55
"45",45,1739.88,756.75,983.13,258475.42
"46",46,1739.88,753.89,985.99,257489.43
"47",47,1739.88,751.01,988.87,256500.56
"48",48,1739.88,748.13,991.75,255508.81
"49",49,1739.88,745.23,994.65,254514.16
"50",50,1739.88,742.33,997.55,253516.62
"51",51,1739.88,739.42,1000.46,252516.16
"52",52,1739.88,736.51,1003.37,251512.79
"53",53,1739.88,733.58,1006.3,250506.49
"54",54,1739.88,730.64,1009.24,249497.25
"55",55,1739.88,727.7,1012.18,248485.07
"56",56,1739.88,724.75,1015.13,247469.94
"57",57,1739.88,721.79,1018.09,246451.85
"58",58,1739.88,718.82,1021.06,245430.79
"59",59,1739.88,715.84,1024.04,244406.75
"60",60,1739.88,712.85,1027.03,243379.72
"61",61,1739.88,709.86,1030.02,242349.7
"62",62,1739.88,706.85,1033.03,241316.68
"63",63,1739.88,703.84,1036.04,240280.64
"64",64,1739.88,700.82,1039.06,239241.58
"65",65,1739.88,697.79,1042.09,238199.49
"66",66,1739.88,694.75,1045.13,237154.35
"67",67,1739.88,691.7,1048.18,236106.18
"68",68,1739.88,688.64,1051.24,235054.94
"69",69,1739.88,685.58,1054.3,234000.64
"70",70,1739.88,682.5,1057.38,232943.26
"71",71,1739.88,679.42,1060.46,231882.8
"72",72,1739.88,676.32,1063.55,230819.24
"73",73,1739.88,673.22,1066.66,229752.59
"74",74,1739.88,670.11,1069.77,228682.82
"75",75,1739.88,666.99,1072.89,227609.93
"76",76,1739.88,663.86,1076.02,226533.92
"77",77,1739.88,660.72,1079.16,225454.76
"78",78,1739.88,657.58,1082.3,224372.46
"79",79,1739.88,654.42,1085.46,223287
"80",80,1739.88,651.25,1088.63,222198.37
"81",81,1739.88,648.08,1091.8,221106.57
"82",82,1739.88,644.89,1094.98,220011.59
"83",83,1739.88,641.7,1098.18,218913.41
"84",84,1739.88,638.5,1101.38,217812.03
"85",85,1739.88,635.29,1104.59,216707.43
"86",86,1739.88,632.06,1107.82,215599.62
"87",87,1739.88,628.83,1111.05,214488.57
"88",88,1739.88,625.59,1114.29,213374.28
"89",89,1739.88,622.34,1117.54,212256.75
"90",90,1739.88,619.08,1120.8,211135.95
"91",91,1739.88,615.81,1124.07,210011.88
"92",92,1739.88,612.53,1127.34,208884.54
"93",93,1739.88,609.25,1130.63,207753.91
"94",94,1739.88,605.95,1133.93,206619.98
"95",95,1739.88,602.64,1137.24,205482.74
"96",96,1739.88,599.32,1140.55,204342.18
"97",97,1739.88,596,1143.88,203198.3
"98",98,1739.88,592.66,1147.22,202051.08
"99",99,1739.88,589.32,1150.56,200900.52
"100",100,1739.88,585.96,1153.92,199746.6
"101",101,1739.88,582.59,1157.28,198589.32
"102",102,1739.88,579.22,1160.66,197428.66
"103",103,1739.88,575.83,1164.05,196264.61
"104",104,1739.88,572.44,1167.44,195097.17
"105",105,1739.88,569.03,1170.85,193926.32
"106",106,1739.88,565.62,1174.26,192752.06
"107",107,1739.88,562.19,1177.69,191574.38
"108",108,1739.88,558.76,1181.12,190393.26
"109",109,1739.88,555.31,1184.57,189208.69
"110",110,1739.88,551.86,1188.02,188020.67
"111",111,1739.88,548.39,1191.49,186829.19
"112",112,1739.88,544.92,1194.96,185634.23
"113",113,1739.88,541.43,1198.45,184435.78
"114",114,1739.88,537.94,1201.94,183233.84
"115",115,1739.88,534.43,1205.45,182028.39
"116",116,1739.88,530.92,1208.96,180819.43
"117",117,1739.88,527.39,1212.49,179606.94
"118",118,1739.88,523.85,1216.03,178390.91
"119",119,1739.88,520.31,1219.57,177171.34
"120",120,1739.88,516.75,1223.13,175948.21
"121",121,1739.88,513.18,1226.7,174721.51
"122",122,1739.88,509.6,1230.27,173491.24
"123",123,1739.88,506.02,1233.86,172257.38
"124",124,1739.88,502.42,1237.46,171019.92
"125",125,1739.88,498.81,1241.07,169778.84
"126",126,1739.88,495.19,1244.69,168534.15
"127",127,1739.88,491.56,1248.32,167285.83
"128",128,1739.88,487.92,1251.96,166033.87
"129",129,1739.88,484.27,1255.61,164778.26
"130",130,1739.88,480.6,1259.28,163518.98
"131",131,1739.88,476.93,1262.95,162256.03
"132",132,1739.88,473.25,1266.63,160989.4
"133",133,1739.88,469.55,1270.33,159719.07
"134",134,1739.88,465.85,1274.03,158445.04
"135",135,1739.88,462.13,1277.75,157167.29
"136",136,1739.88,458.4,1281.47,155885.82
"137",137,1739.88,454.67,1285.21,154600.61
"138",138,1739.88,450.92,1288.96,153311.65
"139",139,1739.88,447.16,1292.72,152018.93
"140",140,1739.88,443.39,1296.49,150722.43
"141",141,1739.88,439.61,1300.27,149422.16
"142",142,1739.88,435.81,1304.06,148118.1
"143",143,1739.88,432.01,1307.87,146810.23
"144",144,1739.88,428.2,1311.68,145498.55
"145",145,1739.88,424.37,1315.51,144183.04
"146",146,1739.88,420.53,1319.35,142863.69
"147",147,1739.88,416.69,1323.19,141540.5
"148",148,1739.88,412.83,1327.05,140213.45
"149",149,1739.88,408.96,1330.92,138882.52
"150",150,1739.88,405.07,1334.81,137547.72
"151",151,1739.88,401.18,1338.7,136209.02
"152",152,1739.88,397.28,1342.6,134866.42
"153",153,1739.88,393.36,1346.52,133519.9
"154",154,1739.88,389.43,1350.45,132169.45
"155",155,1739.88,385.49,1354.38,130815.07
"156",156,1739.88,381.54,1358.34,129456.73
"157",157,1739.88,377.58,1362.3,128094.44
"158",158,1739.88,373.61,1366.27,126728.17
"159",159,1739.88,369.62,1370.26,125357.91
"160",160,1739.88,365.63,1374.25,123983.66
"161",161,1739.88,361.62,1378.26,122605.4
"162",162,1739.88,357.6,1382.28,121223.12
"163",163,1739.88,353.57,1386.31,119836.81
"164",164,1739.88,349.52,1390.36,118446.45
"165",165,1739.88,345.47,1394.41,117052.04
"166",166,1739.88,341.4,1398.48,115653.56
"167",167,1739.88,337.32,1402.56,114251.01
"168",168,1739.88,333.23,1406.65,112844.36
"169",169,1739.88,329.13,1410.75,111433.61
"170",170,1739.88,325.01,1414.86,110018.75
"171",171,1739.88,320.89,1418.99,108599.75
"172",172,1739.88,316.75,1423.13,107176.62
"173",173,1739.88,312.6,1427.28,105749.34
"174",174,1739.88,308.44,1431.44,104317.9
"175",175,1739.88,304.26,1435.62,102882.28
"176",176,1739.88,300.07,1439.81,101442.48
"177",177,1739.88,295.87,1444.01,99998.47
"178",178,1739.88,291.66,1448.22,98550.25
"179",179,1739.88,287.44,1452.44,97097.81
"180",180,1739.88,283.2,1456.68,95641.14
"181",181,1739.88,278.95,1460.93,94180.21
"182",182,1739.88,274.69,1465.19,92715.02
"183",183,1739.88,270.42,1469.46,91245.56
"184",184,1739.88,266.13,1473.75,89771.82
"185",185,1739.88,261.83,1478.04,88293.77
"186",186,1739.88,257.52,1482.36,86811.42
"187",187,1739.88,253.2,1486.68,85324.74
"188",188,1739.88,248.86,1491.02,83833.72
"189",189,1739.88,244.52,1495.36,82338.36
"190",190,1739.88,240.15,1499.73,80838.63
"191",191,1739.88,235.78,1504.1,79334.53
"192",192,1739.88,231.39,1508.49,77826.05
"193",193,1739.88,226.99,1512.89,76313.16
"194",194,1739.88,222.58,1517.3,74795.86
"195",195,1739.88,218.15,1521.72,73274.14
"196",196,1739.88,213.72,1526.16,71747.97
"197",197,1739.88,209.26,1530.61,70217.36
"198",198,1739.88,204.8,1535.08,68682.28
"199",199,1739.88,200.32,1539.56,67142.72
"200",200,1739.88,195.83,1544.05,65598.68
"201",201,1739.88,191.33,1548.55,64050.13
"202",202,1739.88,186.81,1553.07,62497.06
"203",203,1739.88,182.28,1557.6,60939.47
"204",204,1739.88,177.74,1562.14,59377.33
"205",205,1739.88,173.18,1566.7,57810.63
"206",206,1739.88,168.61,1571.26,56239.37
"207",207,1739.88,164.03,1575.85,54663.52
"208",208,1739.88,159.44,1580.44,53083.07
"209",209,1739.88,154.83,1585.05,51498.02
"210",210,1739.88,150.2,1589.68,49908.34
"211",211,1739.88,145.57,1594.31,48314.03
"212",212,1739.88,140.92,1598.96,46715.07
"213",213,1739.88,136.25,1603.63,45111.44
"214",214,1739.88,131.58,1608.3,43503.14
"215",215,1739.88,126.88,1613,41890.14
"216",216,1739.88,122.18,1617.7,40272.44
"217",217,1739.88,117.46,1622.42,38650.02
"218",218,1739.88,112.73,1627.15,37022.87
"219",219,1739.88,107.98,1631.9,35390.98
"220",220,1739.88,103.22,1636.66,33754.32
"221",221,1739.88,98.45,1641.43,32112.89
"222",222,1739.88,93.66,1646.22,30466.68
"223",223,1739.88,88.86,1651.02,28815.66
"224",224,1739.88,84.05,1655.83,27159.83
"225",225,1739.88,79.22,1660.66,25499.16
"226",226,1739.88,74.37,1665.51,23833.66
"227",227,1739.88,69.51,1670.36,22163.29
"228",228,1739.88,64.64,1675.24,20488.06
"229",229,1739.88,59.76,1680.12,18807.93
"230",230,1739.88,54.86,1685.02,17122.91
"231",231,1739.88,49.94,1689.94,15432.97
"232",232,1739.88,45.01,1694.87,13738.11
"233",233,1739.88,40.07,1699.81,12038.3
"234",234,1739.88,35.11,1704.77,10333.53
"235",235,1739.88,30.14,1709.74,8623.79
"236",236,1739.88,25.15,1714.73,6909.06
"237",237,1739.88,20.15,1719.73,5189.34
"238",238,1739.88,15.14,1724.74,3464.59
"239",239,1739.88,10.11,1729.77,1734.82
"240",240,1739.88,5.06,1734.82,0
